$ANSIBLE_VAULT;1.1;AES256
39353237376463316531613537376339326266333538626639303431396133653638386164316263
6561643939336235613230303131366362663335363638320a643435636266623162366230643739
39363964303138623136373933363161376136626235633935303861396234633332646338643961
3436666364396462300a373734353739373537363863303862333866353963613964663461363630
39356461646232646363313039316339626461623265326232373531326261323634653934666163
32313862313062393261313837333436663237653363613266343364646531393736363263613565
65633665363863383237333235343930636539613336353162636237353065383535303439336262
38653634633038313034646332343230366430653063336336333664336162616637633366653634
62653861306263623230346162326165663537613462636637663031373864343463313630336338
62633339353861663834383531306435373133396538353165366166636434626164313039353362
35343538636164376464346661663632376631633338636265313365643639343561633230353462
38623832336530343530643066653561303165313738353734343533386664346130363636646134
66636438323036666630326535653433363435333738323733393432656232386565306431306239
63363433353839376263333766376361373730393435306464313936666631383939356438653065
35343632613735663839613534303835316462366363643463346663366561376532346635383563
63623131616633393237613964376331366231343437366161613163623632393661663930373162
36376531646430316332323534373764616639313833663939343966353261623434313664333064
65316335323039613332376338623239666639663161653431356136353262323065313037383738
63323864633866643337633165363631393938663734633539326339373136663331363435633766
62653130666165353932613835316530356361326561653366643663326337316162313766663837
64303837326631653439396333613538363239613066623236323931346461343836333333353266
32356336373061373465386135336130356539666332616331353630316363336466356164373661
65653431326161356334353961623831666663316439666233356639653937623734313561396666
37326432356366626335636430343231646632316334333764393432666138393737663965393665
61623330343032363031326464393038333862343266363830623063386663616131313364353364
38666231376332366461393732633239323239643364333564663533613332346366383561616437
37636139623034626533656135396339656635333966333233303561363232396132653234656131
61353334306534346636333464636366306339623739333037636138326264346532666334323565
30646330613132646663326662313431393166623762613739353564633866353237613133613561
62623564663864313061313462366637303366356461653264353035653766386431353037363637
30636361396531343830313136346530666361663737653263616136613136376431343837346430
36303738396339343464313466333064343936333137633533303761623330663464333861373162
66643637393066333132643661663735383839323836366362366635663132343165356439353033
36356438646166623066393839376665313363303633373433623433626366623338623037323565
64373263646262306466323466396130386465656566303365333835333764623230656264393031
61333538396465396333613566366138636261366362646332323962643434333536356661343934
34386432353435333930646566356462656335316365383939393366656334386439376162396164
65303432356536373036353933323537306336653164396338366439643639636537636263616263
31353130326637356539363261646266333036323637623338306436613734383861353033636366
64353336663736633861633837613733343232336338306136393435303639613266623764396233
31376332343466353833623962386431636565663563396634323639373036376231316464373035
32303933613930633134366366383639306364633438376132366364633034616136383731623133
30666137626131336165353334663537396233396364343930616535376437656466613530306438
36616662646439393238393536333639393036613137326432613538633862633563373764613739
33646431353462313130353864623865356637656464643061616161346638636365353031303332
65313764653433313834346433383332316464646632613266343236346138656633376136383965
63633131616135636539323730666639653065376261366661386365306132363763383433326463
39376439623966333437313463396666623763626337646138343462373164396630653136336137
31316331373761333034646532353861363233666466653235623832623465383937356131623064
36653733346635343234386534353032306135356464323335316633626437356631393262383330
65353736363265643234346165396164663937313564643631353832356261363431653033386264
66396366613538396434356538323264346631306463316361303739366663616464343963623865
65656337353432373032636235363436303964623236396431613632356130333439366562346238
33353565666234343964333335663537633534633731376231303636336264666663616130663139
37383530363862646366313364643034383234393963353963633865353739636364633930333938
65636233663966616261396663386530333336373931666630666330323839663161353135653464
36353431623562313666636531373464636536613937393863346532616161313631373339336339
39393762363132363938363433336165366233326436363130323336653639363332343136333039
65396563333235383538356236616430373638646665303837383430373937316231626161393931
63303735663032393839653436666161386262646634376364363266333561386266636466313463
30316338313634316165646134373030393935393434376137613166353734323633363638396138
34393737373538376465373038616565653764336630643761643763383132363038623637666631
31336139306532303562343236316439656563643637326333373134353537386630636539366137
63613034373065336162653435663565353833373637666332326662613662356634343061363431
31366336346539363864373430616135663464346664313961363835393337353936343836343632
64316566393334633864333139383563313830316137333836373433346262616334383036393864
31306333343966316165393861646137336538383430386331333564373264363462346333336166
37663661626661376162383936383735626166616661313662386335313530383136376331346664
38653938636462353363306331653765643532376236383437613631346462376636353833393235
38306430343861376532623030333930623766373435376531353939613466653961636630613463
65353363316532326535303733616438303832373437313637313565623865313435343331386163
64313266376439396265613334633834653034633535613632653238366437316237363931363839
63356166346437653364353862313837363331613634656433393361376330313966316461316664
30396163353866393862646166656439623862653336303834653464646132383330303636353439
31363632363839316630633230383339373234353361613361356662646362373336333637396538
35333132343365333031303861613739623637326261663733343732613234666431383534666637
30346435313937333037613536363637306262323339343433653836353063653735636161313537
34623730616161363730373037393238386433333361623666326535346664343365346531313461
32393863336264316563313136373735383431663730346566653064313731373163313336343137
32636366663937646430353062613262326230343739386332383661303965343166653835366439
33353162653061613263663264353332646139666435383734306465663439306632633133666564
34323666643130636665663539346534383563626539613931303739313234613566326466333261
37623233393636383463303239633665363663373534396137623134306464666561623463383830
32353638373862633566306662653031363461363762356266386137613965653034313338393631
61363839626538326632656562383134366336626636356538613330326534623863356236373763
36313537383562643533333466663236363564393736303266306462333837343034643862383739
65313537366563643165373939353538633164336335303830323364326536353030646635386336
64343662336364306338373036303838386566653130393338313239343266353761343166643132
36623566613439323037613935366461323835663265343736623537313665333731316466613535
65386230316563643562336666636661666264636562636236636430636534363162623633623732
33336462643666653134333232333966366664383634636362316262393030393233393534303435
34613831663236313632383636366431386135353935383436363263386166356234656136363939
63313032653734663761643666346565393165313237613236636334313634313233623939303930
31376436323139653631336264623435636131643966396637343438626163303334646565326537
35343931663462656163326539373965386539333637393839396331303365333865393738383463
38613131613732383030613730353432643562366666363766326134326665353561626132633165
33303035376139393066616366353830353364363834623638393261336633313565626631623533
33316564326130333530643338386464313863396230396530363734356236633066373062333766
37383234366335636464333133353137623361343730303939393637383365393036386539646433
38626630663235626563663931333365343032613836333733633133363962663461343961303538
37656534323037613932653237313437323836336433636632336333633364323061326465616561
61393431613061366235346630626462353332643565396363353931343934336230373436613763
35353333633136336237643162663430363061333366336666336534343438636530343939333932
34306634376132326539613030623437316462623563613633633662323933393838613465656530
39346130303934623563316539353364373232663362316562313366343933356563646433336538
65656463303038343562383866313335376134386436393838366637376333316430373334393838
30666633386431346534653735323466363063383064663833353563376530653865376533306539
38646262636465383965333662363861663537346230346536616534336261663064356138313239
36393962313831396236303336623530376363383333666334613161656134633139333235303236
63343365623438333034656433373734623435356330643637653961613939653261643033303663
36356562636132353336316632313433393665383763646533323739393433343834633438643362
62303730323838626133306163323132633963356432393764623030383733333235616262643566
61346535386261386362356232383265393438313464333636356333343739333233646564636238
64666136373664303130313835376363316530613235383937623032316265616466626239386638
63633264393432393162653333343935643562653633343037623330303634643039383263316236
65313932653137386237343234393165626137633262386133396136306439306138383663336161
31653634366237616463333763306534313635363234663737386161316432623334376638373534
62633361393139306265653837353533616465306161376239633634303135303139353365353036
38323965346536396363643439633064323639333366363962636265666131383735643239663464
34313463333739323833396365636331323239313233303337383938383864653035383232366462
65376464323936316131313638353464313639666265396665636662303132616333376633323936
61626332353332653263613739373865623163383962396338326162663335333433353435633736
33376261653937303766306136303337373837646238666165383761646134326536636639346234
38663235613262353736626136313864613430376561343833633536343532383266643539653832
62613764376134623134636230346133636463303434643730313961373336356230656662656237
33616365313533656334646633393038633235383535313138663766306335626637663865333434
38336636313932306435653766613564666162383765336233316136386337663530386162663465
35303461353034636563633962333437343531653363333262333136663231306635363332343132
64623736663062303863333562373532653735343366393266336564613933303133393162366537
30363462616231636630373537316636333265663831313131643132366530393837343133666362
63656562663861303038323531356138623365653463383163373931633034663034376231633236
62313239663763326463323930346533323138653263393463336337386332653566333664636565
39653636643039313439633062616333653938383238373236633732343239626666303363613338
3663616533623663666632356161303131616332656638646534
